ds,item,mean,0.05,0.1,0.15,0.2,0.25,0.3,0.35,0.4,0.45,0.5,0.55,0.6,0.65,0.7,0.75,0.8,0.85,0.9,0.95,day,year,REAL,model_ds
2019-06-09,SARI,0.8248255848884583,0.5500947326421738,0.6891481995582581,0.7152075648307801,0.717423141002655,0.7269184291362762,0.7581474602222442,0.7784041106700897,0.787899398803711,0.7924360364675522,0.8007707893848419,0.8337933450937272,0.8651278614997864,0.8739901512861252,0.9031091094017027,0.9526957273483276,1.0153647184371948,1.027708601951599,1.049547839164734,1.1331065893173218,17,2019,1.0736156,2019-05-23
2019-06-10,SARI,0.7518541812896729,0.6045586258172989,0.6362658739089966,0.6362658739089966,0.7109210729598999,0.7502635419368744,0.7571564316749573,0.7571564316749573,0.7571564316749573,0.772320756316185,0.7879092395305634,0.792999342083931,0.7961806774139404,0.7974532246589661,0.8133598685264587,0.8504753708839417,0.855989670753479,0.8780468702316284,0.8848337054252625,0.9485663324594498,17,2019,1.033852,2019-05-24
2019-06-11,SARI,0.7514132261276245,0.3363661468029022,0.4484171479940415,0.5584424585103989,0.6780630111694337,0.7244399636983871,0.7492809355258941,0.76527299284935,0.7710301518440247,0.7718830704689026,0.7782798707485199,0.790433818101883,0.7974703311920166,0.7989629179239273,0.8196459591388702,0.8683684021234512,0.8976871728897096,0.9359615087509154,0.9599495351314544,0.9693315297365188,17,2019,1.033852,2019-05-25
2019-06-12,SARI,0.9958115816116332,0.7809907078742981,0.8449114203453064,0.8515608906745911,0.8618568539619446,0.904649406671524,0.9180555939674376,0.9180555939674376,0.925777530670166,0.9403634548187256,0.9534478783607484,0.9636365622282028,1.0167250752449035,1.0897619724273682,1.0939446687698364,1.0944809317588806,1.1063856601715087,1.14949991106987,1.1685903429985047,1.248705792427063,17,2019,1.0205975,2019-05-26
2019-06-13,SARI,1.0670088529586792,0.8485338419675827,0.8875009536743164,0.902612841129303,0.9045557975769044,0.9045557975769044,0.9045557975769044,0.9312175422906876,0.9611175179481508,1.0308482080698014,1.0794222354888916,1.0794222354888916,1.0794222354888916,1.0892449736595151,1.1353362917900085,1.207333743572235,1.2327001810073852,1.2538569450378418,1.2806265711784364,1.334705585241318,17,2019,1.0205975,2019-05-27
2019-06-14,SARI,1.0241910219192505,0.8360188722610473,0.8624195098876953,0.8648096919059753,0.8839311003684998,0.890341117978096,0.9289099097251892,0.9607427269220352,0.9704120755195618,0.9712812304496764,1.004960983991623,1.044507533311844,1.052547240257263,1.062977135181427,1.0923111319541932,1.1277292370796204,1.150327277183533,1.1667326152324675,1.1972616314888,1.264729791879654,17,2019,1.0471065,2019-05-28
2019-06-15,SARI,0.9237095713615416,0.6460172593593597,0.6752077281475067,0.8246586501598359,0.8505693078041077,0.8505693078041077,0.8674058079719543,0.8859915196895599,0.8999854326248169,0.9136513769626616,0.9325650930404664,0.9445911645889282,0.9559612274169922,0.9821998387575148,1.0123742699623108,1.0446259677410126,1.051294994354248,1.0615717530250548,1.081469452381134,1.1023510575294495,17,2019,1.033852,2019-05-29
2019-06-16,SARI,0.8808575868606567,0.5179315030574799,0.7458741128444673,0.7925188183784485,0.8088004112243652,0.8184813559055328,0.829922479391098,0.8453239917755127,0.8514845967292786,0.866006088256836,0.8844879567623138,0.9029697716236116,0.9236517906188964,0.932892680168152,0.948074197769165,0.9834977388381958,0.99493887424469,1.044663804769516,1.075026798248291,1.1517044425010683,17,2019,1.1001246,2019-05-30
2019-06-17,SARI,1.0738219022750854,0.8709151029586792,0.9228884696960448,0.9305348634719848,0.9432789564132692,0.9546931833028792,0.9869410574436188,1.0010148257017135,1.0084396123886108,1.0372521996498107,1.0826874375343325,1.114159631729126,1.1214735507965088,1.1214735507965088,1.1221384525299072,1.124243974685669,1.1325552701950077,1.1694574654102323,1.236058819293976,1.3185072124004364,17,2019,1.1001246,2019-05-31
2019-06-18,SARI,1.1603665351867676,0.9086373686790468,0.930080097913742,0.9978705435991287,1.0435481548309329,1.0939162969589231,1.1266388654708863,1.134679913520813,1.1601431608200072,1.1906320869922635,1.201688528060913,1.201688528060913,1.213303375244141,1.2346344470977784,1.241893649101257,1.2452440857887268,1.2660167932510376,1.314933168888092,1.3517879605293277,1.3772511720657348,17,2019,1.0736156,2019-06-01
2019-06-19,SARI,1.123248815536499,0.901367086172104,0.9548123359680176,0.9968933790922164,1.0108453512191773,1.012645602226257,1.0157960414886475,1.0581020951271056,1.0801552534103394,1.102433490753174,1.1341630816459656,1.1750064432621004,1.2165249109268188,1.234189945459366,1.2451039671897888,1.2556804716587069,1.285834789276123,1.3001243948936465,1.3150891065597534,1.3649337768554688,17,2019,1.1133791,2019-06-02
2019-06-20,SARI,1.092841386795044,0.8319285243749619,0.8623041093349457,0.909907677769661,0.9289490938186644,0.9418700039386748,0.9722456157207487,0.9852799266576768,1.036397099494934,1.0898944079875947,1.1266171336174011,1.1470186710357666,1.1796610832214356,1.228624701499939,1.2327049851417542,1.2422256469726562,1.2449458599090577,1.255826711654663,1.2757748603820804,1.4581417441368103,17,2019,1.0868701,2019-06-03
2019-06-21,SARI,1.0094444751739502,0.6725063443183898,0.8361814856529236,0.9313733041286468,0.9450699687004088,0.9536303728818892,0.9884427666664124,1.005107009410858,1.0135532855987548,1.023140949010849,1.0272499322891235,1.029304450750351,1.0473384380340576,1.0770145535469056,1.088884949684143,1.0957332849502563,1.11856107711792,1.13762229681015,1.196175503730774,1.2171771347522735,17,2019,0.9675795,2019-06-04
2019-06-22,SARI,1.1565425395965576,0.930752331018448,1.0160559296607972,1.0352549731731415,1.0480160236358642,1.057673096656799,1.0905529618263246,1.1245824694633484,1.1482651233673096,1.1565425395965576,1.1611411571502686,1.182294636964798,1.2025283575057983,1.2113806128501892,1.228510308265686,1.2329939305782318,1.24713454246521,1.2754157960414887,1.3128942131996155,1.3353123545646668,17,2019,1.0471065,2019-06-05
2019-06-23,SARI,1.1917908191680908,0.918134182691574,0.942454046010971,0.9469705909490586,1.0010534167289733,1.0735498666763306,1.1126933693885803,1.1255481481552123,1.1613331317901612,1.1975813806056976,1.2183112502098083,1.2275760173797607,1.2386936664581298,1.2586127877235411,1.270193672180176,1.2895337641239166,1.3109584331512452,1.330993342399597,1.4008262395858766,1.4872197568416596,17,2019,1.1001246,2019-06-06
2019-06-24,SARI,1.037264108657837,0.7799890249967575,0.8802866160869599,0.9029118686914444,0.927403199672699,0.9417480826377868,0.94466370344162,0.94466370344162,0.9614577293395996,1.0098571598529815,1.0414626002311709,1.0657206654548643,1.1014079332351685,1.1150530576705933,1.1224004626274109,1.140010803937912,1.1751150131225585,1.193425178527832,1.257219123840332,1.2787947237491608,17,2019,1.1398882,2019-06-07
2019-06-25,SARI,1.0244611501693726,0.7593644022941589,0.7701655030250549,0.7941157698631287,0.8396682858467103,0.8711323291063309,0.8962566137313843,0.9711599379777908,1.0214085578918457,1.0359665632247923,1.0401930809020996,1.0444195985794067,1.0862151622772218,1.1411598920822144,1.1524306058883669,1.1793159544467926,1.1834250688552856,1.1970438480377197,1.224516212940216,1.267603212594986,17,2019,1.1001246,2019-06-08
2019-06-26,SARI,1.0569298267364502,0.7297117710113525,0.7537006139755249,0.8587555080652237,0.920323133468628,0.9418304115533828,0.9635740339756012,0.97905453145504,1.001625394821167,1.0217146635055545,1.0292776823043823,1.0644929349422456,1.117433953285217,1.1567851722240448,1.1989725589752198,1.2183527648448944,1.2753116369247437,1.2925646781921387,1.3055636167526246,1.3150173842906951,17,2019,1.0205975,2019-06-09
2019-06-27,SARI,0.961761474609375,0.579220986366272,0.5826694369316101,0.742368432879448,0.8257258176803589,0.8787606507539749,0.901829582452774,0.935481721162796,0.9712742805480956,1.0002888560295105,1.0202661156654358,1.0327518582344055,1.0449997663497923,1.053561449050903,1.056415355205536,1.0660472512245178,1.0882837533950809,1.149047863483429,1.197920846939087,1.257852566242218,17,2019,0.9675795,2019-06-10
2019-06-28,SARI,1.0687344074249268,0.8585053354501724,0.9134256958961486,0.9413047194480896,0.9548254251480104,0.9733714908361436,0.9837812304496764,0.9952678561210632,1.0017290592193604,1.02111274600029,1.0385820269584656,1.05712810754776,1.076870679855347,1.076870679855347,1.1134842991828915,1.2144708633422852,1.2635282754898072,1.2734594643115995,1.279801094532013,1.319166612625122,17,2019,1.033852,2019-06-11
2019-06-29,SARI,1.0011050701141355,0.5834964320063591,0.8070476889610291,0.8879450529813766,0.9096139907836914,0.9359779208898544,0.9640271365642548,0.9805195838212968,0.984732985496521,1.0125415086746217,1.0352939367294312,1.0352939367294312,1.0478137254714963,1.0665934085845947,1.0687603116035462,1.0774278938770294,1.0882623195648191,1.0972910463809966,1.1619367361068726,1.299534583091736,17,2019,0.98083395,2019-06-12
2019-06-30,SARI,0.959826111793518,0.7643485337495803,0.8291443943977356,0.8480381309986115,0.8928501844406128,0.925308644771576,0.9325754642486572,0.9483202785253524,0.9640650749206544,0.9795676231384276,1.005243718624115,1.022199630737305,1.022199630737305,1.026438629627228,1.0350377202033996,1.0367332696914673,1.0367332696914673,1.037096619606018,1.0418200969696043,1.067011684179306,17,2019,0.95432496,2019-06-13
2019-07-01,SARI,0.9738101959228516,0.7423916578292846,0.7677392065525055,0.8074667066335678,0.874491548538208,0.8914305716753006,0.9039824664592744,0.9122691541910172,0.9154376149177552,0.9177530109882356,0.9322547316551208,0.9599177300930024,0.9851434588432312,1.0011075466871262,1.0331576108932494,1.0937236845493317,1.1216304063796998,1.1882897019386292,1.22545804977417,1.243615663051605,17,2019,0.9940885,2019-06-14
2019-07-02,SARI,0.9594955444335938,0.8215664684772491,0.8484166324138641,0.8737956076860428,0.8994197487831116,0.9158486425876616,0.919526755809784,0.935465207695961,0.9514036417007448,0.9697941839694976,0.983280599117279,0.9934566855430604,1.0028971433639526,1.009762954711914,1.022513747215271,1.022513747215271,1.022513747215271,1.0228815495967865,1.0301151156425477,1.077440118789673,17,2019,1.2194152,2019-06-15
2019-07-03,SARI,1.0301930904388428,0.8058679401874542,0.8136415541172027,0.8710184663534164,0.9126012802124024,0.9390069842338562,0.948631477355957,0.9549244344234468,0.9752840042114258,0.9912014901638032,1.0007026195526123,1.014645808935165,1.0498122930526734,1.0900378286838532,1.096207356452942,1.1043511629104614,1.1282891035079956,1.2140459179878234,1.2482253909111023,1.3137461125850678,17,2019,1.3519603,2019-06-16
2019-07-04,SARI,0.967228889465332,0.7547589361667633,0.7820782542228699,0.795365360379219,0.8409389853477478,0.8816696852445602,0.9107275247573852,0.9269949615001678,0.9402820706367492,0.9517064988613128,0.9574187397956848,0.9653662264347076,0.9735620617866516,0.987470069527626,1.0132992267608645,1.0201290547847748,1.0485659837722778,1.0986100554466245,1.2077632665634157,1.2607876002788545,17,2019,1.524269,2019-06-17
2019-07-05,SARI,0.8959983587265015,0.672092491388321,0.6997058749198913,0.7022048234939575,0.7761737108230591,0.8415212631225586,0.8588889956474304,0.8628872931003571,0.8811296582221985,0.8989971786737442,0.9121166467666626,0.925236114859581,0.9321082234382628,0.9557233124971388,0.999579906463623,0.999579906463623,0.999579906463623,0.999579906463623,1.0095757007598878,1.105035537481308,17,2019,1.550778,2019-06-18
2019-07-06,SARI,1.012118220329285,0.6323695555329323,0.7710658550262451,0.8979421585798264,0.91793555021286,0.9481142461299896,0.9775385320186616,0.985837697982788,1.0099806547164918,1.0412909984588623,1.0600268840789795,1.0663141012191772,1.0854273080825805,1.1149773120880129,1.1362281322479246,1.1914300322532654,1.2197225093841553,1.2197225093841553,1.2197225093841553,1.2197225093841553,17,2019,1.5640326,2019-06-19
2019-07-07,SARI,0.9713150262832642,0.6491881489753724,0.7611607491970063,0.793297529220581,0.8517510533332825,0.8862917274236679,0.9251342058181764,0.9420882582664488,0.9560057640075684,0.9905464828014374,1.024834156036377,1.0374864339828491,1.042547345161438,1.0519100308418274,1.0559587597846984,1.0722801983356476,1.118461012840271,1.1346559286117552,1.180457162857056,1.2838261663913726,17,2019,1.6303052,2019-06-20
2019-07-08,SARI,0.8221935033798218,0.4776941046118736,0.5205656915903092,0.5976582854986191,0.6309887766838074,0.6570679247379303,0.7121521890163421,0.7492991238832474,0.7734700679779053,0.7976409912109376,0.8434385657310486,0.8835114479064942,0.9017032861709596,0.9318533897399902,0.9650565981864928,0.9929167628288268,1.018741512298584,1.027392131090164,1.0630125045776369,1.1571519374847412,17,2019,1.550778,2019-06-21
2019-07-09,SARI,0.9717674255371094,0.6714331775903702,0.8361243426799775,0.8544233620166779,0.9285151720046996,0.9584590196609496,0.9676724731922148,0.9882748544216156,1.013484001159668,1.0237212181091309,1.0237212181091309,1.0340864002704622,1.0477786779403686,1.049314260482788,1.0508498430252076,1.0589116513729095,1.0728598594665528,1.0791301548480987,1.1084341764450074,1.1580845773220063,17,2019,1.4845054,2019-06-22
2019-07-10,SARI,0.8762914538383484,0.6062968477606774,0.6834197700023651,0.7338908463716507,0.7539763450622559,0.7763793170452118,0.7846194744110108,0.8121725559234619,0.8497683644294739,0.8723000913858414,0.878093957901001,0.9024282723665238,0.93732031583786,0.9450454711914062,0.9489080488681793,0.9682209342718124,1.0016966104507443,1.032468557357788,1.1497623443603515,1.1688177943229676,17,2019,1.4314874,2019-06-23
2019-07-11,SARI,0.9698231816291808,0.5295480564236641,0.7235126733779907,0.767954844236374,0.8054002285003662,0.87199866771698,0.9113875746726988,0.9452050894498824,0.9759129405021668,0.987314999103546,1.018411546945572,1.051840329170227,1.0598735809326172,1.0739965558052065,1.0951162695884704,1.1207709610462189,1.1422794342041016,1.192552077770233,1.2544860601425172,1.2579844176769257,17,2019,1.3519603,2019-06-24
2019-07-12,SARI,0.9656810760498048,0.7103126466274262,0.7419892489910126,0.9025885254144668,0.9641167998313904,0.9783256500959396,0.9821059703826904,0.9862773805856704,1.0006165981292725,1.008959412574768,1.008959412574768,1.0148255109786988,1.0282522916793824,1.0376379489898682,1.0454593062400817,1.0643609166145325,1.070487666130066,1.0875644087791445,1.0910840153694152,1.105814307928085,17,2019,1.3254514,2019-06-25
2019-07-13,SARI,0.7416914701461792,0.3426619552075863,0.4008646786212921,0.4286551833152771,0.5521393179893495,0.6429827660322189,0.6633012890815735,0.6803426384925843,0.7225526928901672,0.7503431499004364,0.776036262512207,0.8029091447591782,0.8101189136505127,0.833976811170578,0.8900821566581726,0.933996319770813,0.9863001465797424,1.0008507996797562,1.018809711933136,1.0801585912704468,17,2019,1.2724333,2019-06-26
2019-07-14,SARI,0.7635331153869629,0.3145587615668773,0.4825782001018524,0.547809261083603,0.6636438488960267,0.7201774418354034,0.7503550410270691,0.7659051477909088,0.8107103228569031,0.8453684478998185,0.8512985706329346,0.8572286665439606,0.8644765615463257,0.8644765615463257,0.8723833560943604,0.8941270411014557,0.9071732521057128,0.9237775295972824,0.9461801648139954,0.9474979609251024,17,2019,1.1929061,2019-06-27
2019-07-15,SARI,0.7003688812255859,0.0026504078414291,0.3604547590017319,0.4069693177938461,0.408161997795105,0.4677960872650146,0.5247797310352326,0.5854739487171172,0.6254950404167176,0.7031518310308458,0.7712671756744385,0.7845191955566406,0.7951208114624023,0.8666816979646682,0.978793740272522,1.002514824271202,1.014574122428894,1.023452991247177,1.0365724682807924,1.13808291554451,17,2019,1.2194152,2019-06-28
2019-07-16,SARI,0.844096839427948,0.6062949359416961,0.6354706287384033,0.6390676319599151,0.7140718102455139,0.7806830257177353,0.7966697216033936,0.8416988730430602,0.8739386796951294,0.8939220309257507,0.9059120416641236,0.9059120416641236,0.9112409353256226,0.9238970369100572,0.936553120613098,0.9558703750371932,0.9858454465866088,0.9862451136112214,0.996236789226532,1.0669778525829314,17,2019,1.1796516,2019-06-29
2019-07-17,SARI,0.4859434068202972,0.0026781174819916,0.0026781174819916,0.0026781174819916,0.1912172228097916,0.3146781921386719,0.3494936555624008,0.3796224206686019,0.4499228715896607,0.50214604139328,0.5409786701202393,0.5798113256692886,0.6159658432006836,0.6481031775474548,0.6481031775474548,0.6655109077692032,0.7284465432167054,0.7712963223457336,0.7793306589126588,0.8671727389097216,17,2019,1.2194152,2019-06-30
2019-07-18,SARI,0.432121604681015,0.002692351816222,0.002692351816222,0.002692351816222,0.002692351816222,0.002692351816222,0.002692351816222,0.002692351816222,0.2450035512447359,0.4805838719010354,0.5613542795181274,0.5876046717166901,0.6057780027389527,0.6454901218414306,0.705394822359085,0.7464530766010284,0.778088128566742,0.8723202615976333,0.9194363951683044,0.933571195602417,17,2019,1.2459242,2019-07-01
2019-07-19,SARI,0.8164650201797485,0.0027098122518509,0.4270656079053879,0.4742162525653839,0.5500908434391022,0.5792213082313538,0.7703981757164002,0.8684932082891464,0.8861069679260254,0.8989785462617874,0.9050756096839904,0.9172697365283966,0.95927175283432,1.004661038517952,1.0215973258018494,1.050727754831314,1.092052340507507,1.140286886692047,1.1709077000617982,1.199089729785919,17,2019,1.2326697,2019-07-02
2019-07-20,SARI,0.9079934358596802,0.0027291711885482,0.2753728538751602,0.3567020118236542,0.3657082617282867,0.5376457050442696,0.7363290369510651,0.8678748488426208,0.9060831665992736,0.9856383293867113,1.083478927612305,1.128510183095932,1.1664455890655518,1.21038516163826,1.2494122147560118,1.3127288520336151,1.3558497428894043,1.367448633909225,1.3839600563049317,1.3864163160324097,17,2019,1.444742,2019-07-03
2019-07-21,SARI,1.0913183689117432,0.3896779805421829,0.7920105367898942,0.8386398494243622,0.9028755307197572,0.93946373462677,0.992557853460312,1.0123649835586548,1.0585816621780395,1.0893927812576294,1.1361596584320068,1.1829265356063845,1.188428521156311,1.213049864768982,1.2525265693664551,1.2964049875736237,1.3694438219070435,1.3933773636817932,1.420887291431427,1.4682043671607972,17,2019,1.4579965,2019-07-04
2019-07-22,SARI,1.2670738697052002,0.953702586889267,0.9695098042488098,1.005977350473404,1.0366211891174315,1.132157802581787,1.2085594296455384,1.2447496473789217,1.2534852027893066,1.2717883586883545,1.2978564500808716,1.3151889085769652,1.3316894054412842,1.3595600306987763,1.3924224257469178,1.4087843000888824,1.4237595558166505,1.4595337867736815,1.5174936175346376,1.5742054224014284,17,2019,1.4182329,2019-07-05
2019-07-23,SARI,1.2680809497833252,0.8750205457210541,0.9166749358177184,0.998166435956955,1.0366058826446534,1.1014635860919952,1.1914816737174987,1.2398454129695893,1.2529846668243407,1.2598338961601256,1.2859727144241333,1.33978790640831,1.3882914781570437,1.408279925584793,1.4198816061019897,1.4334402680397034,1.470481824874878,1.53058705329895,1.561059093475342,1.6246589124202728,17,2019,1.444742,2019-07-06
2019-07-24,SARI,1.4479471445083618,0.9502637177705764,1.0320129156112672,1.083317548036575,1.1473074197769164,1.171973139047623,1.293892216682434,1.3482976496219634,1.3993203878402711,1.4413225769996645,1.4616189002990725,1.49333193898201,1.5278639793395996,1.5526706278324127,1.5766315221786498,1.6237077713012695,1.705457067489624,1.739002346992493,1.8314634084701544,2.1041957259178163,17,2019,1.5110145,2019-07-07
2019-07-25,SARI,1.0319030284881592,0.5953614771366119,0.6810219109058381,0.7821666061878204,0.8142715096473694,0.8438194096088409,0.9279172539711,0.9676932245492936,0.9784895539283752,1.0283515959978105,1.0711107850074768,1.084464192390442,1.097249341011047,1.104352170228958,1.131058943271637,1.196121096611023,1.2432840824127198,1.2972657799720764,1.3194267988204955,1.4353453934192657,17,2019,1.444742,2019-07-08
2019-07-26,SARI,1.3232873678207395,0.9181145578622818,0.9523203253746032,0.965773594379425,1.1300753355026243,1.213657408952713,1.2460025310516358,1.2704759776592254,1.2829273700714112,1.3214266657829286,1.3667957186698914,1.3864031732082367,1.400285863876343,1.431056648492813,1.4626860618591309,1.4820072650909424,1.5405433654785157,1.5501324415206907,1.5957876801490785,1.639153015613556,17,2019,1.524269,2019-07-09
2019-07-27,SARI,1.019680738449097,0.669408705830574,0.713805329799652,0.7398955047130584,0.8198959589004516,0.8691934794187546,0.8974458634853363,0.9145990669727324,0.9352118015289308,0.9535182267427444,0.9729777574539183,1.0041129976511003,1.0320770978927611,1.0467799127101898,1.1029964208602905,1.2201862037181854,1.2655917882919312,1.315754163265228,1.4097366333007812,1.465953141450882,17,2019,1.3387058,2019-07-10
2019-07-28,SARI,1.067449688911438,0.4794526413083076,0.8140827327966691,0.9441038250923156,0.9699338555336,0.9918458759784698,1.0105654418468475,1.0214488565921784,1.0401684522628785,1.0585977971553802,1.070932388305664,1.136813580989838,1.2311368465423584,1.263497006893158,1.267124843597412,1.2719135880470276,1.2787338972091675,1.2990496695041656,1.3089172840118408,1.309642845392227,17,2019,1.2856878,2019-07-11
2019-07-29,SARI,1.0301735401153564,0.7400949090719223,0.8027553915977478,0.8464278608560563,0.8623486042022706,0.8822129815816879,0.8901003003120422,0.9441431701183318,0.9885459303855896,1.021555879712105,1.0589476823806765,1.083193951845169,1.0896207094192505,1.1131366431713103,1.169078266620636,1.1977063417434692,1.2017960786819455,1.223413246870041,1.2535019516944883,1.2610971570014955,17,2019,1.3254514,2019-07-12
2019-07-30,SARI,0.6834232211112976,0.0029394605662673,0.0029394605662673,0.0479131236672401,0.305115431547165,0.4688430726528168,0.5108772575855255,0.5583494842052459,0.5908304691314697,0.7001781940460207,0.8318657875061035,0.8855108350515366,0.9147583842277528,0.9506197422742844,0.9582623839378356,0.9744293838739396,1.0288093090057373,1.0655525386333464,1.1466813921928407,1.2022371292114258,17,2019,1.2326697,2019-07-13
2019-07-31,SARI,0.7407600283622742,0.0900265183299779,0.1212179630994796,0.2850100457668305,0.3796191990375519,0.4250020161271095,0.6125941962003708,0.7176990538835525,0.75628182888031,0.8155603259801865,0.8514822125434875,0.8514822125434875,0.8893258690834046,0.94609135389328,0.9531870663166044,0.9741785377264024,0.9951699495315552,1.05297018289566,1.2148404836654665,1.293780052661896,17,2019,1.1663972,2019-07-14
2019-08-01,SARI,0.8438714742660522,0.5494458600878716,0.581416380405426,0.6385170996189118,0.6721232175827027,0.7048371881246567,0.7262499988079071,0.787663036584854,0.8303398609161377,0.8452098101377488,0.8579980432987213,0.8828309506177903,0.9266973853111268,0.9637236654758452,0.9704151630401612,0.9754709750413896,0.9903409242630004,1.0293002486228942,1.1229811906814575,1.196587610244751,17,2019,1.1398882,2019-07-15
2019-08-02,SARI,0.6995686292648315,0.0029908935539424,0.4390623509883881,0.4875147342681885,0.542547082901001,0.5944389849901199,0.6385545551776886,0.6675661504268646,0.7010640978813172,0.7260380208492279,0.7522082924842834,0.807988327741623,0.8571884512901307,0.8643666505813599,0.8724420309066773,0.901752695441246,0.9355497360229492,0.947363731265068,0.9627667665481568,0.987591192126274,17,2019,1.1398882,2019-07-16
2019-08-03,SARI,0.9572566151618958,0.706811586022377,0.7905941128730773,0.8278976082801819,0.859786057472229,0.895735889673233,0.9139363884925842,0.9351452142000198,0.9608666419982912,0.9799697071313858,1.0002760589122772,1.013813614845276,1.0174236059188844,1.033367830514908,1.0574346423149108,1.070972204208374,1.0884206771850586,1.1230166733264924,1.1320416450500488,1.1726543366909028,17,2019,1.1796516,2019-07-17
2019-08-04,SARI,0.965051770210266,0.6029681980609893,0.6218818724155426,0.692846018075943,0.8116239309310913,0.8881865292787552,0.9048305749893188,0.9146656841039658,0.936302924156189,0.947197198867798,0.9593019485473632,1.008174902200699,1.05311381816864,1.0626463294029236,1.0957831382751464,1.1446561217308044,1.1832400560379028,1.1882332563400269,1.2201594829559326,1.2539014756679534,17,2019,1.1398882,2019-07-18
2019-08-05,SARI,0.9673322439193726,0.6821245700120926,0.7375224173069,0.7504588097333909,0.8419261693954468,0.8644505739212036,0.8751040637493134,0.9133042484521866,0.93141508102417,0.9397856146097184,0.9664192497730256,0.9985318064689636,1.0135987997055054,1.0412977397441865,1.093651795387268,1.1041530668735504,1.1316997766494752,1.1533110082149505,1.2245368599891664,1.260910791158676,17,2019,1.1266336,2019-07-19
2019-08-06,SARI,1.178923487663269,0.9161403864622116,1.030906957387924,1.1096653044223783,1.1387783288955688,1.145367056131363,1.1482783436775208,1.1531815648078918,1.170036458969116,1.1882703602313995,1.195165514945984,1.197923630475998,1.212326955795288,1.237456077337265,1.2533916234970093,1.2587545216083529,1.278520655632019,1.305641746520996,1.3765855431556702,1.384706622362137,17,2019,1.1266336,2019-07-20
2019-08-07,SARI,1.148850440979004,0.4663588523864746,0.572342473268509,0.9030977964401246,0.9817755818367004,1.0266682356595993,1.059219241142273,1.1257097601890564,1.1755390405654906,1.215032196044922,1.2495887279510498,1.3021948635578156,1.3526412487030028,1.3620517551898956,1.3807183861732484,1.392288625240326,1.3970709800720216,1.4124980211257934,1.444277787208557,1.452454084157944,17,2019,1.060361,2019-07-21
2019-08-08,SARI,0.9624600410461426,0.6551499098539353,0.7509611010551452,0.757793664932251,0.7900930881500244,0.807485044002533,0.8105907440185547,0.8812457293272018,0.9192907214164734,0.9192907214164734,0.9798521101474762,1.052991610765457,1.084514570236206,1.113087159395218,1.135137724876404,1.1747354567050934,1.196320128440857,1.2099853098392486,1.274584174156189,1.2916655480861663,17,2019,1.0736156,2019-07-22
2019-08-09,SARI,1.2738511562347412,0.9451104015111924,1.052658528089523,1.1453562378883362,1.1698984146118163,1.1864683330059052,1.195534873008728,1.1974107027053833,1.246182560920715,1.287294751405716,1.3287195563316343,1.3687374353408814,1.3781165838241578,1.3873394548892974,1.399376106262207,1.4092242419719696,1.4293895483016967,1.449085968732834,1.4794119954109193,1.5133333563804627,17,2019,1.0471065,2019-07-23
2019-08-10,SARI,1.0840259790420532,0.4966025322675705,0.7441955029964448,0.7712686061859131,0.8896347999572755,0.919226348400116,0.9655023992061617,1.0037510216236114,1.0438884735107423,1.1280984461307526,1.182087242603302,1.1850778579711914,1.206956720352173,1.2548068404197692,1.2875463962554932,1.2899074256420135,1.2982497215270996,1.3098974466323852,1.3530256390571596,1.413782674074173,17,2019,1.0868701,2019-07-24
2019-08-11,SARI,0.7655633687973022,0.0031687286682426,0.0031687286682426,0.0031687286682426,0.0031687286682426,0.2503290846943855,0.4414030402898788,0.5765490815043449,0.7611271619796754,0.9029274821281432,0.9648759961128236,1.0097134113311768,1.0456784248352051,1.0596208274364471,1.074513840675354,1.1233121454715729,1.2440404415130617,1.3391020715236663,1.4050115823745728,1.4178448379039763,17,2019,1.1398882,2019-07-25
2019-08-12,SARI,1.167900562286377,0.5760535866022111,0.973755419254303,1.0145944356918335,1.0248041868209838,1.0464999973773956,1.1243494629859925,1.1653480112552643,1.1709314584732056,1.2288399398326877,1.2953628301620483,1.3173775732517243,1.3272682905197144,1.3424233615398409,1.3642786264419555,1.3918769359588623,1.39746036529541,1.4107011258602142,1.4146893858909606,1.4301635384559632,17,2019,1.1663972,2019-07-26
2019-08-13,SARI,1.010098218917847,0.5154806345701218,0.6031059443950653,0.6562267661094665,0.7491480827331544,0.8545872867107391,0.918621188402176,0.9861856788396834,1.0142706632614136,1.0584043085575103,1.1073525547981262,1.1360795736312868,1.1721888780593872,1.2017182111740112,1.2100634574890137,1.2164829075336456,1.2376670837402344,1.2549995362758637,1.3163051247596742,1.3886843323707585,17,2019,1.1266336,2019-07-27
2019-08-14,SARI,0.7242303490638733,0.0584291126579046,0.2530852049589157,0.2853664815425872,0.2873033583164215,0.3260408937931061,0.4044843822717667,0.5395815283060073,0.7017949223518373,0.7857262253761291,0.7973474860191345,0.822042664885521,0.8573906660079956,0.906942430138588,0.9971685707569122,1.028965562582016,1.0426851511001587,1.0927211344242094,1.2421834588050844,1.355974966287613,17,2019,1.1663972,2019-07-28
2019-08-15,SARI,0.9015591740608216,0.2376881763339043,0.5481115818023682,0.6640332251787185,0.7305989384651185,0.7849879860877991,0.8647044181823731,0.9013967216014862,0.9137357115745544,0.9189310669898988,0.925425261259079,0.9479926735162736,0.9897180199623108,1.0239749729633332,1.0504389286041258,1.1234988570213318,1.1767513990402223,1.2022411823272705,1.2449405670166016,1.264585477113724,17,2019,1.2194152,2019-07-29
2019-08-16,SARI,0.8494898080825806,0.3475333690643311,0.403850457072258,0.4302949786186218,0.5517439842224121,0.6619294732809067,0.7551382839679718,0.8281056046485901,0.8599370121955872,0.8867080271244049,0.912499576807022,0.9324146211147308,0.9742035150527956,1.019910031557083,1.044069254398346,1.0945098102092743,1.136135458946228,1.1400531649589538,1.1749860525131228,1.294476169347763,17,2019,1.1001246,2019-07-30
2019-08-17,SARI,0.4106745719909668,0.0032814650330692,0.0032814650330692,0.0032814650330692,0.0032814650330692,0.0032814650330692,0.0032814650330692,0.0032814650330692,0.2218266129493715,0.3675233721733093,0.380649209022522,0.424784828722477,0.5322526037693024,0.6446425676345825,0.6723708927631378,0.7260227501392365,0.8000196337699891,0.8188880741596221,0.8810717284679415,1.0187288522720337,17,2019,0.9940885,2019-07-31
2019-08-18,SARI,0.5673831701278687,0.0032977869268506,0.0032977869268506,0.0032977869268506,0.0032977869268506,0.0032977869268506,0.1787397086620331,0.3139487281441688,0.3502243161201477,0.3927656754851342,0.5309426635503769,0.7062196850776674,0.8007011175155639,0.8503327310085296,0.923708313703537,0.95965413749218,1.022971558570862,1.0452315211296082,1.0958525300025943,1.2366677641868593,17,2019,0.98083395,2019-08-01
2019-08-19,SARI,0.7977045178413391,0.0033141090534627,0.0033141090534627,0.3131827175617218,0.4421013057231903,0.542684331536293,0.6419417142868042,0.7524670243263244,0.8053269505500793,0.879397162795067,0.9594327807426452,0.985779908299446,0.9929051995277404,1.0031789183616635,1.0363199710845947,1.1342516839504242,1.228206562995911,1.2376517415046693,1.2464340925216677,1.2514051735401155,17,2019,0.9675795,2019-08-02
2019-08-20,SARI,0.7796191573143005,0.0033310004509985,0.1592215299606323,0.371905517578125,0.4730012059211731,0.4896561801433563,0.526963296532631,0.5494475215673447,0.5869211912155151,0.7799522787332537,0.9593263268470764,1.00529405772686,1.0379378080368042,1.0759111642837524,1.0918999195098875,1.137534499168396,1.1665141344070435,1.186500072479248,1.2104833126068115,1.2278045237064363,17,2019,0.9940885,2019-08-03
2019-08-21,SARI,0.3407568335533142,0.0033473223447799,0.0033473223447799,0.0033473223447799,0.0033473223447799,0.0033473223447799,0.0220922909677028,0.0475318936631083,0.1412567377090454,0.2214249595999718,0.267785295844078,0.3277022540569306,0.3789161801338196,0.4090420141816139,0.4431846261024474,0.4962395951151848,0.6386679291725161,0.801180076599121,0.84687095284462,1.0294670581817629,17,2019,0.9675795,2019-08-04
2019-08-22,SARI,0.6000391840934753,0.0033634544815868,0.0033634544815868,0.0033634544815868,0.0033634544815868,0.0235441424883902,0.0514607600867748,0.2769799724221228,0.5307521343231203,0.67403504550457,0.7971372306346893,0.9020767837762832,0.931675136089325,0.931675136089325,0.9427744925022123,0.9829676747322084,1.0312332391738892,1.0603270530700684,1.1035473942756653,1.1127969086170195,17,2019,0.94107044,2019-08-05
2019-08-23,SARI,0.5084579586982727,0.0033795868512243,0.0033795868512243,0.0033795868512243,0.0628602027893066,0.1030772104859352,0.168303120136261,0.2058164581656456,0.2250800639390945,0.3224119849503041,0.4410352706909179,0.5170758530497551,0.5975098729133607,0.7002490937709808,0.7745998501777649,0.8313767910003662,0.994948434829712,1.0834934890270234,1.1024192452430726,1.1786287367343904,17,2019,1.0736156,2019-08-06
2019-08-24,SARI,0.3136761486530304,0.0033947702031582,0.0033947702031582,0.0033947702031582,0.0033947702031582,0.0033947702031582,0.0033947702031582,0.0033947702031582,0.0359845027327537,0.0801164321601391,0.1459748521447181,0.25919022038579,0.3856451690196991,0.4857906907796859,0.547235906124115,0.5898402333259583,0.6918528556823731,0.7169741183519363,0.8004852950572968,0.8330750048160555,17,2019,1.1266336,2019-08-07
2019-08-25,SARI,0.4842394888401031,0.0034101435448974,0.0034101435448974,0.0150046088732779,0.2134745717048645,0.2907141894102096,0.3096404582262039,0.3913132339715957,0.433087408542633,0.4555943042039871,0.4808293133974075,0.4999261006712914,0.5476680278778077,0.6015481859445572,0.634967541694641,0.6948154270648956,0.7379536628723147,0.8839075148105621,0.9084605574607848,0.9311379492282869,17,2019,1.0868701,2019-08-08
2019-08-26,SARI,0.6363892555236816,0.0034251366741955,0.1606386199593544,0.2130430981516838,0.2411291778087616,0.3673452287912369,0.4747230529785156,0.5279837995767593,0.6315939903259278,0.699411591887474,0.7192773520946503,0.7560975164175034,0.811755907535553,0.8624478101730346,0.8843686044216156,0.9033780992031096,0.9425958395004274,0.986437439918518,0.995342779159546,1.07686088681221,17,2019,1.1531427,2019-08-09
2019-08-27,SARI,0.6910631656646729,0.0034406995400786,0.2109144821763039,0.462085098028183,0.5656499266624451,0.591799184679985,0.6072823345661164,0.6280985116958618,0.6613012194633484,0.6929555863142014,0.7242658734321594,0.7509312450885773,0.7700270652770996,0.8133797913789749,0.878408932685852,0.9117836654186248,0.935180366039276,0.9461905360221864,0.9644262135028842,1.1349125921726229,17,2019,1.1531427,2019-08-10
2019-08-28,SARI,0.7786926031112671,0.193938547372818,0.2164091393351555,0.3000689044594765,0.3892598986625671,0.4390408918261528,0.466351318359375,0.5455169767141341,0.712836527824402,0.8061759352684021,0.8262265920639038,0.8633894741535187,0.9403080940246582,1.0358945727348328,1.0982936143875122,1.155507266521454,1.1905959606170655,1.203386914730072,1.2462539434432984,1.2711444795131686,17,2019,1.1796516,2019-08-11
2019-08-29,SARI,0.8585290908813477,0.3763772338628769,0.4415094166994095,0.4481094777584076,0.5231417834758759,0.6122426241636276,0.6648694515228272,0.7044698089361191,0.7836705327033997,0.8477606266736984,0.8788504004478455,0.9224455446004868,0.9754197239875794,1.0223148941993714,1.0754627585411072,1.1081156432628632,1.1206210851669312,1.1581373035907745,1.324875581264496,1.3420705258846284,17,2019,1.1266336,2019-08-12
2019-08-30,SARI,0.8148797750473022,0.2444639548659324,0.4397210329771042,0.5526176527142524,0.5855967402458191,0.5950192958116531,0.6236360669136047,0.6805206149816513,0.7928937554359436,0.851523220539093,0.8759521842002869,0.9035219877958298,0.9129445791244508,0.9298703759908676,0.9823925733566284,1.0835981965065002,1.1335030794143677,1.1504288613796234,1.1861998319625855,1.2165614426136018,17,2019,1.1133791,2019-08-13
2019-08-31,SARI,0.9087226986885072,0.3597721509635448,0.6364390045404434,0.6871086567640304,0.7440901041030884,0.7574149966239929,0.8236887931823731,0.8612088948488236,0.9145084857940674,0.9756977587938308,0.9993669390678406,1.0104126244783402,1.0239129066467283,1.046004158258438,1.097550392150879,1.1220961809158323,1.1220961809158323,1.1220961809158323,1.122797501087189,1.1385770678520204,17,2019,1.1929061,2019-08-14
2019-09-01,SARI,1.0172059535980225,0.6082444012165069,0.6702670097351074,0.700573518872261,0.780920946598053,0.8898129165172577,0.92963427901268,0.9865470618009566,1.0360594511032104,1.0656611442565918,1.0836336016654968,1.096848624944687,1.1121780157089234,1.1206356287002563,1.1354365229606629,1.169971942901611,1.191115999221802,1.2836212456226348,1.3285523653030396,1.3285523653030396,17,2019,1.2194152,2019-08-15
2019-09-02,SARI,0.7964469194412231,0.1010602734982967,0.4375148773193359,0.5676012381911277,0.6378655433654785,0.6964486539363861,0.7437045097351074,0.7667129546403885,0.7886594772338867,0.799986720085144,0.8336144685745239,0.8847640693187714,0.933081865310669,0.9734351634979248,0.9808686554431916,1.003523126244545,1.0258236885070802,1.055026799440384,1.0813979506492617,1.1364412486553193,17,2019,1.1531427,2019-08-16
2019-09-03,SARI,0.6231936812400818,0.0035540054086595,0.0035540054086595,0.4053335636854172,0.4762358367443084,0.5562008246779442,0.6201728045940399,0.6454061627388,0.6653085231781006,0.6830785125494003,0.6965837180614471,0.7084896296262742,0.732834541797638,0.765531325340271,0.7822350800037384,0.8129771500825882,0.8579352378845215,0.8778376579284668,0.8845902562141419,0.946074441075325,17,2019,1.1531427,2019-08-17
2019-09-04,SARI,0.5748116374015808,0.0035680497530847,0.0035680497530847,0.0945531386882066,0.3018564283847809,0.381780594587326,0.3974799782037735,0.4228130891919135,0.5166526079177857,0.576774138212204,0.5887270867824554,0.6135249733924866,0.6522382378578186,0.7054020971059799,0.7896079123020171,0.876846507191658,0.9091373324394226,0.9360760420560836,1.0308075785636903,1.0957459270954133,17,2019,1.0868701,2019-08-18
2019-09-05,SARI,0.536568284034729,0.003581904573366,0.003581904573366,0.003581904573366,0.1984371364116669,0.3868449591100216,0.4534682720899582,0.4620648324489593,0.4943019270896912,0.5157933235168457,0.5283299684524536,0.5843866616487504,0.6433088660240174,0.6556664139032364,0.6798442244529723,0.7611532956361771,0.8861615538597107,0.8999518811702728,0.9495611548423768,0.9937975436449052,17,2019,1.2061607,2019-08-19
2019-09-06,SARI,0.6706787347793579,0.0035961393732577,0.0035961393732577,0.1289213463664055,0.2315909117460251,0.3272480517625808,0.4858375072479248,0.594440671801567,0.6631267905235291,0.7359485089778901,0.7785626947879791,0.809849026799202,0.845810329914093,0.8623525351285934,0.900471556186676,0.9457828402519226,0.9752711296081544,1.1007761538028715,1.151481556892395,1.227000343799591,17,2019,1.1663972,2019-08-20
2019-09-07,SARI,0.4498043656349182,0.0036099937278777,0.0036099937278777,0.0036099937278777,0.0036099937278777,0.0036099937278777,0.0036099937278777,0.0036099937278777,0.1660593867301942,0.3259818077087403,0.4223684668540954,0.5073836594820024,0.620195734500885,0.7467257589101791,0.7725371718406677,0.786074623465538,0.8396829366683961,0.9138681828975675,1.0454521656036375,1.1010459423065186,17,2019,1.0736156,2019-08-21
2019-09-08,SARI,0.4770287573337555,0.0036234690342098,0.0036234690342098,0.0036234690342098,0.0036234690342098,0.0634105969220399,0.1974786907434463,0.317052937299013,0.4355401515960694,0.5409829080104829,0.6232354938983917,0.669615787267685,0.683384919166565,0.7060315489768981,0.7438967466354369,0.7754208892583847,0.7957123041152955,0.8361139118671417,0.8529630064964294,0.8672756612300873,17,2019,1.033852,2019-08-22
2019-09-09,SARI,0.7042964696884155,0.0036388421431183,0.0462132129818201,0.2458033263683319,0.3180342137813568,0.4584932252764702,0.5123479723930359,0.5805761635303497,0.6433460950851441,0.6782788783311844,0.7314058840274811,0.8140074700117113,0.8820536732673645,0.9340890139341356,0.9981324970722198,1.038887470960617,1.0829174041748046,1.1067517518997192,1.12440003156662,1.2590369880199432,17,2019,0.9675795,2019-08-23
2019-09-10,SARI,0.947367548942566,0.4080770894885063,0.5672509163618088,0.792945158481598,0.8589173316955566,0.8854158371686935,0.9122798681259155,0.9353061318397522,0.9539464831352232,0.9672871232032776,0.9795312583446504,0.991775393486023,1.000730037689209,1.0422139227390288,1.1133030652999878,1.1248161792755127,1.147659683227539,1.1655690848827365,1.187498939037323,1.2191144227981567,17,2019,0.95432496,2019-08-24
2019-09-11,SARI,0.8251351118087769,0.3628318920731544,0.3868738830089569,0.6261924222111702,0.6768457412719726,0.6790480613708496,0.7073111832141876,0.7456681996583938,0.7840252161026001,0.8163258731365204,0.8405513763427734,0.8515629768371582,0.8941411256790162,0.963147109746933,0.9980171382427214,1.0699594616889954,1.109968328475952,1.1169423043727875,1.123549234867096,1.1286880135536197,17,2019,1.007343,2019-08-25
2019-09-12,SARI,0.9612118005752563,0.3504533424973488,0.7104929983615875,0.8487570941448211,0.8664548993110657,0.8913424015045166,0.9693233251571656,0.9991883635520936,1.008037257194519,1.0139365196228027,1.034215211868286,1.071085673570633,1.091364502906799,1.093945419788361,1.1053752303123474,1.1208608150482178,1.1289722919464111,1.162524306774139,1.178009855747223,1.2617057383060457,17,2019,0.86154336,2019-08-26
2019-09-13,SARI,1.0260696411132812,0.6796021103858948,0.7892273366451263,0.8440399616956711,0.8725573182106018,0.897185891866684,0.932184475660324,0.9540354400873184,0.9836638808250427,1.004033449292183,1.03143972158432,1.0705122351646423,1.0918077230453491,1.098844438791275,1.1103254318237303,1.1286580264568329,1.156249499320984,1.242171937227249,1.3066138148307802,1.435867828130722,17,2019,0.8747979,2019-08-27
2019-09-14,SARI,0.929553210735321,0.5163977324962616,0.6611230671405792,0.7688299238681793,0.8058483958244324,0.8110570311546326,0.8318914949893952,0.8746766030788421,0.9085326910018922,0.9189499616622924,0.9449930489063264,0.9777329683303834,0.9859179854393004,0.9989395409822464,1.0309353470802307,1.067767709493637,1.1250625610351563,1.138828235864639,1.18719402551651,1.2247705280780792,17,2019,0.90130687,2019-08-28
2019-09-15,SARI,0.94087016582489,0.6751994967460633,0.7439525246620178,0.7574042171239853,0.8153211236000061,0.84633469581604,0.8519395589828491,0.8689410030841828,0.8870634317398072,0.9156482607126236,0.9733783900737762,1.0193382620811462,1.0320425748825073,1.043999630212784,1.058198618888855,1.070529282093048,1.076134204864502,1.0845414996147156,1.1325564980506897,1.1383482277393342,17,2019,0.95432496,2019-08-29
2019-09-16,SARI,0.9795953035354614,0.6846472173929214,0.7508792161941529,0.8946006894111633,0.9253713607788084,0.9325011670589448,0.9343774318695068,0.94169482588768,0.9861622095108032,1.0193720161914823,1.0507054924964905,1.0786616921424863,1.0912326574325562,1.1109334528446198,1.1193766236305236,1.122003436088562,1.1235044479370118,1.1345743834972382,1.1707861304283145,1.2392696857452392,17,2019,1.007343,2019-08-30
2019-09-17,SARI,1.0769749879837036,0.7192398369312286,0.7313025593757629,0.7441192209720612,0.897165048122406,0.9433426558971404,0.964640861749649,0.9799077212810516,0.9929128885269164,1.0611426889896394,1.117686688899994,1.13691166639328,1.1655606269836425,1.1876127421855929,1.223235476016998,1.2995699048042295,1.3374543428421022,1.3662918508052826,1.380427849292755,1.4228359162807465,17,2019,0.9145614,2019-08-31
2019-09-18,SARI,1.1389586925506592,0.7835429906845093,0.8467869222164154,0.8971548467874527,0.9172263026237488,1.0111454278230667,1.0599985003471375,1.0777977049350738,1.0876440525054931,1.1073367953300477,1.1417990922927856,1.18137384057045,1.2088299989700315,1.2302269339561462,1.2629850268363954,1.2828671038150787,1.3080510377883912,1.3616379380226131,1.5454997777938844,1.5498548805713654,17,2019,0.8880524,2019-09-01
2019-09-19,SARI,1.0821164846420288,0.8584664851427078,0.8668343782424927,0.935108533501625,0.9562183618545532,0.9955853521823884,1.0292469382286071,1.0482648074626923,1.0604362487792969,1.0796443045139312,1.1049380898475647,1.126808625459671,1.1372684240341189,1.1439247012138367,1.1597095727920532,1.1753042042255402,1.203450608253479,1.229885458946228,1.2608845710754395,1.2795221388339997,17,2019,0.94107044,2019-09-02
2019-09-20,SARI,1.0602648258209229,0.8925629466772079,0.9282806932926178,0.9418420314788818,0.94356107711792,0.9550213515758514,0.9775598287582398,0.9855819940567015,0.9855819940567015,1.0212997674942017,1.063893735408783,1.0841401815414429,1.104768657684326,1.125779211521149,1.1307452917099,1.133610337972641,1.1475536108016968,1.173530238866806,1.2010347962379455,1.2230003118515016,17,2019,0.9278159,2019-09-03
2019-09-21,SARI,0.9991863369941713,0.7312663793563843,0.7567734658718109,0.837705647945404,0.8729936361312867,0.9186378121376038,0.932062566280365,0.9420352905988694,0.9704190731048584,1.0005289375782014,1.031789481639862,1.052693748474121,1.064008903503418,1.0872145295143127,1.1046667098999023,1.1046667098999023,1.1046667098999023,1.1046667098999023,1.1077352404594425,1.1487767815589909,17,2019,0.86154336,2019-09-04
2019-09-22,SARI,1.09114670753479,0.8395511537790299,0.8757685542106628,0.9472402304410934,0.968623948097229,1.0229500830173492,1.0483793497085572,1.0618646085262298,1.0672587156295776,1.073615974187851,1.0923026204109192,1.107521653175354,1.123511290550232,1.1483626782894134,1.1604993224143982,1.1741772294044497,1.1905521392822267,1.229466599225998,1.2787839770317078,1.322899836301804,17,2019,0.86154336,2019-09-05
2019-09-23,SARI,1.085815668106079,0.9149718701839448,0.9453483819961548,0.954635524749756,0.9588920950889588,0.971274882555008,0.9913968801498412,0.9983621835708618,0.9983621835708618,1.013260281085968,1.038993239402771,1.05776087641716,1.0687893390655518,1.0811720728874206,1.1028419375419616,1.14347305893898,1.1957128286361696,1.2584006965160368,1.3586239218711855,1.4358228206634522,17,2019,0.84828883,2019-09-06
2019-09-24,SARI,1.0606032609939575,0.6847302347421647,0.8733466982841492,0.9034553945064544,0.9269595742225648,0.932398557662964,0.9514350414276124,0.9848460018634796,1.0450634241104126,1.0996475577354432,1.1188782453536987,1.146850198507309,1.1825921535491943,1.1849231719970703,1.1860886812210083,1.1936644315719604,1.208233118057251,1.212312364578247,1.241255593299866,1.2962283194065094,17,2019,0.94107044,2019-09-07
2019-09-25,SARI,0.983138918876648,0.7526608854532242,0.7951686680316925,0.855810534954071,0.8875939249992371,0.9223020672798156,0.94297097325325,0.955255365371704,0.9663697957992554,0.9731944441795348,0.9807990491390228,0.9936683744192124,1.002247929573059,1.0199919939041138,1.052945256233215,1.0558701157569883,1.0763440608978272,1.1289912462234497,1.1640895485877991,1.1853434026241303,17,2019,0.84828883,2019-09-08
2019-09-26,SARI,0.8565028309822083,0.637925386428833,0.637925386428833,0.647905170917511,0.6496663093566895,0.6995653659105301,0.7463335037231446,0.7592485547065735,0.7756859183311463,0.7995591759681702,0.8277374804019928,0.854154646396637,0.8758753776550293,0.9019011676311492,0.936145657300949,0.9744994640350342,0.9870231628417968,1.0488588988780974,1.1208700180053712,1.1762482702732089,17,2019,0.86154336,2019-09-09
2019-09-27,SARI,0.8848244547843933,0.6505601197481156,0.6519346833229065,0.695331546664238,0.7155572414398194,0.739317461848259,0.79292533993721,0.8282712131738662,0.8388749957084656,0.8555661022663117,0.879719078540802,0.9215449959039688,0.9582654237747192,0.9623891204595566,0.970047414302826,0.970047414302826,0.9834002971649172,1.047415566444397,1.1098598003387452,1.1369582533836369,17,2019,0.8085253,2019-09-10
2019-09-28,SARI,1.0946215391159058,0.7556317806243896,0.7816473186016083,0.8480656415224075,0.8876801371574402,0.924338310956955,1.0335245370864867,1.086343878507614,1.106052565574646,1.1198486149311069,1.12733793258667,1.1436962425708772,1.163602089881897,1.172076791524887,1.181734025478363,1.1992748081684113,1.2172096967697144,1.2913145303726197,1.3748793125152587,1.4048365712165831,17,2019,0.86154336,2019-09-11
2019-09-29,SARI,0.7999099493026733,0.4738962203264236,0.4994000256061554,0.5828310668468475,0.5970657467842102,0.6771358549594879,0.7148972809314728,0.719642162322998,0.7267594933509827,0.7315043807029724,0.7453436553478241,0.798328322172165,0.8651522397994995,0.9129965484142304,0.951351112127304,0.961829423904419,0.9853561878204348,1.029048764705658,1.08104487657547,1.0996290624141694,17,2019,0.7820163,2019-09-12
2019-09-30,SARI,0.7600012421607971,0.4468378737568855,0.5089152127504348,0.5291449278593063,0.5632577419281006,0.5711909532546997,0.5989571511745453,0.672735983133316,0.722715163230896,0.7403665363788605,0.7655544877052307,0.7907424122095108,0.8242601990699768,0.864719569683075,0.864719569683075,0.8815776407718658,0.9432583451271058,0.9876843094825744,1.0007740914821626,1.1197721123695374,17,2019,0.7820163,2019-09-13
2019-10-01,SARI,0.638512372970581,0.003979517146945,0.003979517146945,0.003979517146945,0.0517336338758468,0.2815503403544426,0.5157444775104523,0.6548283129930496,0.7163117647171021,0.7322298288345337,0.7521273493766785,0.795305022597313,0.8349011778831482,0.8613649159669876,0.8961856126785278,0.9471233636140824,0.9908979654312134,1.026912534236908,1.0549680948257447,1.098742699623108,17,2019,0.72899824,2019-09-14
